200 200
1 17 -38
1 26 -9
1 26 79
2 6 42
2 185 92
3 23 44
3 67 -11
3 77 -52
3 87 23
3 104 85
4 44 21
5 158 56
6 156 -12
7 20 -95
7 28 -24
7 30 -44
8 163 -61
8 169 -76
9 48 97
9 88 22
9 104 7
9 160 34
10 54 -97
10 180 -25
12 9 90
12 77 44
15 105 -84
15 140 -40
16 40 -71
16 121 -69
17 13 -57
17 100 -38
18 1 -89
18 86 -97
19 105 -24
21 39 41
21 84 -28
21 163 -12
22 17 23
22 56 86
22 130 -62
23 30 96
23 79 15
23 89 92
23 152 38
23 174 96
24 10 54
24 199 -30
26 165 39
26 184 -49
26 197 42
28 16 53
30 104 -76
32 54 -52
33 84 19
33 109 93
34 10 -58
34 48 48
34 104 -100
35 27 83
35 109 67
35 142 -53
35 174 -17
35 198 20
36 84 -76
37 47 19
37 177 40
38 123 79
39 40 62
39 72 -49
39 79 -100
39 183 10
40 59 -5
40 97 -9
40 194 -50
41 29 73
41 63 87
41 97 -45
42 77 16
43 65 70
43 119 34
43 163 93
43 182 87
44 194 -45
45 25 -44
45 140 -18
45 144 67
45 154 53
46 82 -46
46 106 -41
46 151 10
47 13 -86
47 20 -42
47 84 -88
47 187 -28
48 30 -24
48 124 -6
48 133 90
48 179 -77
49 36 3
49 89 92
49 187 26
51 84 -51
52 91 98
52 127 -55
52 172 3
53 2 -15
53 53 82
54 110 12
55 34 -78
55 195 -55
56 85 -87
56 98 -56
56 104 -77
56 106 30
56 177 -98
56 178 32
56 198 -50
57 174 -43
57 180 -77
58 38 -17
58 95 21
58 175 -58
59 35 -79
59 124 13
59 154 39
59 185 87
60 37 9
60 83 68
60 95 -9
60 107 6
61 5 27
61 64 -80
61 104 -51
62 16 57
62 155 18
62 155 54
63 11 32
63 98 -77
63 148 -38
63 169 1
64 9 72
64 85 -8
64 103 -25
64 116 -8
65 30 74
65 174 -24
66 5 -38
66 194 -27
67 6 87
67 39 42
67 60 82
67 116 -35
68 4 -31
68 23 40
68 51 -91
68 75 27
68 76 78
68 123 8
68 192 31
69 134 -58
70 20 64
70 41 -1
70 181 67
71 43 55
72 45 85
75 44 57
75 55 86
75 122 -81
76 50 34
76 73 31
76 165 -9
76 165 60
77 65 31
77 100 45
77 152 33
78 28 25
78 130 -97
78 136 94
79 24 86
79 123 -41
81 192 49
82 122 59
82 127 -66
82 149 -49
83 40 -9
83 100 17
84 3 -75
84 103 -67
84 144 44
85 5 -88
85 137 48
86 186 -33
86 190 -47
87 25 -52
87 197 -58
87 197 20
87 197 60
88 163 2
89 135 -61
89 165 -58
89 194 34
90 2 73
90 61 -64
90 95 98
91 73 49
92 21 -91
92 62 -100
92 128 -78
93 184 -94
93 187 12
94 41 -51
94 106 82
95 36 22
95 61 -16
95 157 -15
95 182 -63
96 5 76
96 52 21
96 143 86
96 179 100
97 21 -4
97 95 -98
97 189 -20
98 61 -32
98 63 76
98 101 3
98 129 8
98 133 5
98 174 -16
99 59 89
99 184 95
100 165 -20
101 35 -37
101 64 -77
101 110 77
101 116 -2
101 132 85
101 176 -66
102 4 -99
102 87 18
102 195 -52
103 31 4
103 64 -21
103 93 8
103 110 -31
103 111 -76
103 120 8
103 180 -45
104 83 7
104 197 42
105 81 5
105 109 42
106 21 -89
106 55 -95
106 118 62
107 87 -31
107 152 58
108 17 -51
108 175 -52
109 159 23
109 184 66
110 14 51
110 23 -6
110 76 6
110 152 79
110 165 24
110 169 5
111 86 65
111 97 69
112 17 33
112 100 44
112 122 -66
112 182 -80
113 164 -45
114 1 -77
114 42 5
114 108 20
114 137 13
114 150 -70
114 164 90
115 25 -72
115 117 -15
115 158 97
116 59 19
117 66 -52
117 68 91
117 82 65
117 91 -46
118 26 54
118 98 -84
119 109 -41
120 13 24
120 122 66
120 124 -90
121 69 65
122 39 62
122 122 51
123 97 -9
124 21 -80
124 82 1
124 186 21
125 165 -18
125 180 -12
126 13 16
126 64 65
126 117 36
127 22 -62
127 79 91
127 106 -90
128 12 61
128 126 -79
129 57 -66
131 42 97
131 88 -11
131 128 -92
131 130 40
131 196 96
132 42 28
132 163 -56
133 17 -38
133 118 -93
133 161 -83
134 5 16
134 19 1
134 75 98
134 100 70
134 113 -46
134 122 -59
135 50 -9
135 113 1
135 126 -15
136 12 -18
136 52 -63
136 70 90
136 83 73
136 120 6
136 159 55
136 168 61
138 75 38
138 79 -67
138 134 -51
139 106 68
139 185 25
140 82 -57
141 55 16
141 68 73
141 156 -42
142 9 -54
143 151 -22
143 154 54
143 156 94
143 160 12
144 86 -60
144 183 -27
144 194 94
145 192 31
146 22 -86
146 43 28
146 126 21
147 87 -75
147 104 -85
148 43 -84
148 48 51
148 85 51
148 88 -46
148 94 82
149 141 -86
149 183 -57
150 24 26
151 5 -78
151 32 40
151 90 53
151 159 -25
152 4 -78
152 28 18
152 158 -97
152 163 81
153 32 -28
153 90 76
154 53 -6
154 92 -99
155 159 92
155 174 -73
155 197 -43
156 32 -58
156 177 -66
157 29 -9
157 45 48
158 172 -88
160 68 -37
160 122 -10
160 127 66
161 11 -89
161 89 -82
161 155 53
162 148 68
163 195 -2
164 191 -41
165 11 93
165 24 -13
166 1 83
166 28 -39
166 116 80
166 162 -47
166 170 -55
167 47 21
167 85 76
167 115 -15
168 42 -75
168 119 -20
168 162 -87
168 169 100
168 192 28
169 116 -3
169 141 -20
169 153 -49
170 10 -11
170 167 42
171 131 42
171 138 -96
171 171 18
171 175 25
172 10 -99
172 132 83
173 6 57
173 27 69
173 112 -44
173 143 98
175 65 -89
175 84 26
176 2 -16
177 31 50
177 55 16
177 66 70
177 89 21
177 136 1
177 140 -96
178 40 -64
178 156 25
179 135 37
179 152 84
179 185 70
180 78 86
180 104 40
181 46 16
182 19 -19
182 25 -31
182 60 -69
182 144 -35
182 183 99
183 96 9
183 112 77
183 115 -58
183 143 6
184 14 -13
184 50 51
185 18 11
185 102 -22
185 133 -55
185 143 -39
185 149 -28
186 111 43
186 133 85
187 2 46
187 23 36
187 61 -57
188 43 -59
188 91 98
190 71 28
191 33 27
191 39 46
191 144 -48
192 90 -15
192 153 46
193 22 66
193 170 28
194 22 90
194 146 58
195 21 80
195 32 -85
195 83 19
195 182 15
196 11 12
196 56 31
196 114 -15
196 199 87
197 14 64
197 125 -84
197 130 63
198 97 73
198 103 75
198 131 -5
198 180 -50
199 63 -61
199 109 -18
