200 200
2 130 -32
2 162 45
3 15 85
3 26 70
3 42 -99
3 58 96
3 66 -96
3 84 36
3 98 1
3 101 -91
3 114 6
3 184 -21
4 17 -91
4 54 -21
4 112 -23
5 17 -57
6 40 77
6 44 94
6 80 85
6 94 -4
6 193 33
7 13 -17
7 89 -7
8 29 47
8 35 -81
8 74 25
8 104 85
8 121 -91
8 144 55
8 148 13
9 66 69
9 68 -61
9 74 -42
10 190 53
11 50 -87
11 119 53
11 148 65
12 14 27
12 19 -100
12 77 -51
12 155 -36
13 106 63
13 154 -27
14 43 -54
14 138 -52
14 141 -67
14 179 -22
15 21 -79
15 84 81
15 177 -91
16 78 81
16 117 8
16 199 -51
17 3 -52
17 80 -15
17 152 16
17 177 -3
18 13 33
18 50 55
19 129 -45
20 82 -65
20 100 -80
20 175 92
20 184 92
21 19 79
21 111 -93
22 23 33
22 195 92
23 193 70
24 1 99
24 22 -17
24 81 99
24 155 -44
24 174 91
24 179 -49
25 88 -79
26 49 -87
27 18 -27
27 63 33
28 120 73
29 24 -29
29 40 57
29 83 -38
29 110 -13
29 115 -25
30 76 -66
30 172 5
31 102 61
31 196 66
32 56 53
32 87 -99
32 99 79
33 157 -13
33 183 12
34 139 -24
34 150 -12
34 150 -4
34 156 -63
35 21 -52
35 85 -82
35 107 44
35 178 42
36 17 50
36 47 14
36 61 -90
37 91 -29
37 158 -36
37 188 -7
37 194 -98
38 36 41
38 51 -1
38 113 32
38 127 -37
40 96 -39
40 126 -91
41 152 -70
41 159 -61
41 173 31
42 45 -8
42 57 11
42 84 -19
42 86 -62
43 144 85
44 97 58
44 161 5
45 14 -70
46 7 -100
46 58 94
47 42 95
47 162 -80
48 1 -85
48 1 32
48 33 -97
49 77 -60
49 120 89
49 158 76
52 8 83
52 46 -25
53 76 74
53 86 -69
53 154 73
53 195 -36
54 43 -11
54 51 64
54 171 -68
55 49 -25
55 67 -24
55 100 -87
55 116 98
55 179 -68
56 115 44
56 150 -10
57 53 98
57 78 65
57 112 -8
57 160 6
58 72 -23
58 130 42
58 131 63
58 152 -85
59 28 17
59 132 -63
59 160 -81
60 23 -9
60 25 14
60 50 -8
60 51 -34
60 89 -63
60 136 -55
60 186 -92
62 46 -72
62 93 -47
62 119 41
62 149 13
63 181 -95
64 118 -1
64 190 -94
65 162 -18
65 170 30
65 196 74
66 8 94
66 95 92
67 56 72
67 148 -28
68 27 -91
68 119 89
69 29 28
69 39 1
70 39 55
70 61 23
70 81 2
70 102 -71
71 1 69
72 48 93
72 98 54
72 165 5
73 127 74
74 152 67
75 31 -4
75 52 -50
75 76 -19
75 111 32
75 127 67
75 145 62
76 91 15
76 106 68
76 117 19
77 37 -51
77 90 73
78 86 -77
79 18 56
79 70 -66
79 169 8
80 33 18
80 110 8
80 173 34
83 107 -1
83 151 -67
84 5 -67
84 46 99
84 56 23
84 183 -100
85 7 24
85 75 84
85 128 -19
85 159 52
86 113 78
86 121 -5
87 84 54
88 68 -46
88 176 -49
89 12 77
89 17 -19
89 64 33
89 84 51
89 198 -12
90 65 5
90 160 16
91 32 73
91 177 12
92 53 92
92 61 -79
92 63 72
92 120 -5
92 122 98
93 39 67
93 72 -21
93 168 -28
94 19 -16
94 156 34
95 48 -92
95 78 -52
96 58 57
96 66 -90
96 121 3
98 29 -21
98 127 99
98 135 -58
98 140 -87
99 71 -35
99 167 -96
99 170 -83
100 37 -96
100 162 36
100 164 4
100 191 -13
101 167 -98
102 87 62
102 127 21
103 16 23
103 40 1
103 63 79
103 71 -18
105 93 87
105 169 -88
106 54 -60
106 156 -40
106 174 -66
107 7 -47
109 156 -88
109 199 69
110 75 -56
111 2 19
111 178 -68
112 170 -32
112 175 -11
112 178 32
113 60 -16
113 95 73
113 118 18
113 173 -25
114 94 -30
115 107 33
116 3 -70
116 79 29
116 98 -18
116 140 1
116 170 96
117 31 -42
118 49 -40
118 55 -14
118 62 68
118 70 -13
118 86 -48
118 130 91
119 22 34
119 85 -83
119 90 -67
120 25 84
120 145 57
120 176 67
120 184 -25
121 171 -12
121 183 -52
122 29 80
122 51 89
122 95 2
122 99 58
122 115 31
123 4 84
127 32 59
127 75 -56
127 87 37
128 91 41
130 73 -4
130 184 -42
131 16 -87
131 106 -55
131 112 64
131 117 -95
131 195 -68
132 183 39
133 56 -49
133 72 40
134 24 84
134 94 58
134 98 -59
134 152 99
135 67 -27
135 85 96
135 162 35
137 80 23
137 187 80
137 189 94
138 93 17
139 187 -7
140 40 -48
140 115 -49
140 198 -59
141 164 35
142 7 89
142 12 -63
142 30 46
142 117 5
142 188 6
143 82 -60
143 140 -50
143 186 -92
143 186 67
144 78 -48
144 83 87
144 92 21
144 177 12
145 12 -23
145 144 21
145 163 71
146 10 70
146 105 -72
146 185 61
147 133 -59
147 175 -19
148 129 -16
148 199 77
149 81 -30
149 92 26
149 160 -91
150 2 -55
150 121 80
151 9 -49
151 72 54
151 112 -18
151 113 12
152 56 -1
152 175 -46
152 182 -100
153 23 -66
153 53 -6
154 54 -41
154 190 11
155 88 -86
156 83 13
157 66 -72
157 139 26
157 145 82
157 181 -37
157 190 57
158 88 11
158 127 25
158 195 68
159 7 -12
159 161 90
160 85 -32
160 146 -85
161 5 27
162 9 -25
162 22 83
162 54 59
162 71 -9
162 104 9
162 155 -50
162 180 -4
163 123 74
163 198 100
164 80 25
164 180 -79
165 95 -10
167 13 -93
167 84 -13
167 108 -30
167 183 -59
168 65 84
168 69 -24
169 144 34
170 18 -11
170 51 68
170 98 18
170 109 77
171 46 36
171 115 20
172 81 25
172 157 67
172 171 86
173 5 70
174 84 -10
174 133 -61
175 134 32
175 158 21
175 164 4
176 21 -100
176 150 -73
176 170 32
177 156 -18
178 78 -73
178 85 -56
178 102 -17
178 163 50
178 178 84
179 33 40
179 89 -25
181 68 97
182 108 -38
182 168 90
183 7 58
183 102 -86
184 66 94
184 133 16
184 182 59
185 78 -43
185 136 24
185 154 76
186 50 6
186 97 97
186 115 86
186 140 99
187 94 19
187 106 3
188 163 -81
189 42 36
189 52 -30
189 146 51
189 152 -37
190 2 -20
190 23 85
190 29 -21
190 137 -40
191 2 70
191 62 69
191 120 -38
191 161 96
191 164 -95
193 90 -38
193 90 59
194 9 -46
194 61 63
195 3 20
195 3 74
195 28 -92
195 73 -98
195 168 53
196 20 -41
196 61 26
196 111 100
196 159 73
197 43 -16
197 83 -6
197 86 -61
197 146 59
199 83 13
199 192 48
