200 200
1 4 25
1 16 -64
1 48 18
2 101 -53
2 156 57
3 192 -46
4 37 3
4 140 63
5 66 -48
5 81 -56
5 176 -53
7 15 -4
7 22 51
7 156 78
7 160 14
7 161 -8
7 178 67
7 183 75
8 99 -70
8 114 -11
9 93 -81
10 39 73
10 98 -68
10 129 17
11 159 -46
12 1 -94
12 7 -100
12 97 99
13 17 66
13 86 77
13 154 87
13 155 15
14 163 -47
14 164 -39
15 96 -52
15 196 -12
16 83 4
16 84 -22
16 139 78
17 156 -13
18 87 1
18 94 -23
18 156 -90
20 178 37
21 10 -18
21 84 45
21 163 -55
21 164 -94
21 175 -93
22 40 81
22 180 35
23 62 10
24 19 93
24 69 -1
24 185 -78
24 198 -2
25 128 -9
25 137 -91
26 72 -77
26 131 -41
27 56 31
27 60 69
27 126 90
27 166 97
28 29 94
28 163 -89
28 170 -32
29 104 40
29 166 -11
30 3 -44
30 74 -42
30 150 62
32 167 -93
32 175 -65
33 56 -89
33 135 63
33 136 -63
33 176 -82
34 132 23
34 139 -100
34 168 -20
34 196 1
35 56 36
35 76 98
35 157 -97
36 54 5
36 88 -36
37 105 14
37 109 20
37 144 81
38 183 -6
39 5 26
39 20 10
39 44 -85
39 159 25
40 11 -90
40 42 30
40 136 -41
40 186 35
41 80 91
42 18 -41
42 29 -76
43 33 -81
43 173 86
44 17 -79
44 67 -18
45 79 51
45 89 16
45 116 -48
46 21 -37
46 91 -46
46 135 -2
47 30 -21
47 65 83
47 74 -3
47 84 59
47 116 -16
48 131 39
49 109 50
49 127 90
50 64 83
51 64 -10
51 112 43
51 158 -86
51 167 -20
53 116 -54
54 88 46
54 97 93
55 7 -90
56 76 9
56 110 -64
57 44 2
57 62 -82
57 142 32
57 182 -88
58 184 71
58 192 75
59 118 51
59 152 28
60 131 -14
60 164 82
61 37 -50
61 87 61
62 34 -70
62 38 -14
62 145 81
63 105 -93
63 148 -88
63 167 42
65 117 16
65 179 67
66 16 -91
66 96 -43
66 119 39
66 140 9
66 164 81
67 114 -70
67 154 -82
67 166 -46
68 91 77
68 197 80
69 65 -26
70 31 75
70 147 2
70 169 -48
71 14 -57
72 66 -47
72 93 -34
72 173 -29
72 191 -26
73 47 89
73 139 -73
73 169 -5
74 59 79
74 69 58
74 79 -66
75 124 -86
75 199 13
76 2 -1
76 9 26
76 48 91
78 32 13
78 187 52
79 10 -33
80 11 1
80 12 -55
80 64 -96
81 22 81
81 24 88
81 62 -92
81 63 -33
81 79 -39
81 111 -80
82 26 37
82 62 81
82 199 23
83 73 -40
83 91 93
83 135 33
83 164 51
83 192 -66
84 62 -63
84 81 -71
84 92 -32
84 170 -100
85 42 54
85 76 78
85 170 61
86 70 -83
86 108 -58
86 140 94
87 3 -20
87 23 7
87 94 21
88 61 -55
88 64 -100
89 5 -71
90 63 -66
90 127 -45
91 46 -6
91 61 55
92 18 14
92 75 98
94 4 82
95 111 -36
95 116 -14
95 119 -54
96 68 3
96 79 12
96 89 26
96 101 67
96 106 -88
96 116 -43
96 144 -69
97 10 -99
97 27 -68
97 64 -65
98 76 87
98 112 33
98 154 -48
99 114 61
101 13 -59
102 49 -91
102 199 -19
104 28 72
104 65 -65
104 88 -72
104 112 -50
104 165 -76
104 173 8
105 85 -93
105 96 -27
105 136 -89
106 169 13
107 145 -49
108 72 -22
108 89 5
108 119 -58
109 2 90
109 24 86
109 26 -10
109 109 76
109 118 -49
109 138 -35
110 64 14
110 89 90
110 133 -32
110 155 41
111 39 -50
111 46 7
111 191 88
112 128 -16
112 148 18
116 146 -35
117 6 -49
117 70 -77
117 86 68
117 128 -26
117 197 -76
118 102 67
118 153 -60
119 75 -84
119 125 -1
119 144 -35
120 8 -23
120 17 -36
120 85 -22
120 110 -47
120 175 27
121 136 4
122 64 -2
122 144 78
122 149 -37
123 18 -24
123 73 19
123 137 -48
123 149 -70
124 84 -37
124 108 36
124 114 5
125 34 5
125 52 -42
125 146 -76
125 167 -92
125 171 -63
126 62 32
126 139 -54
127 10 -35
127 59 50
127 66 63
127 82 -50
128 161 -56
129 8 85
129 50 8
129 66 -19
129 141 -39
130 18 -59
130 115 -29
130 171 68
131 77 -47
132 38 16
132 111 -20
133 5 36
133 96 16
134 82 62
134 94 -90
134 109 17
135 128 -82
135 163 24
135 185 -51
136 12 -50
136 156 90
136 175 61
137 123 -78
138 23 68
138 42 -57
138 181 42
138 195 -5
139 14 54
139 100 -40
139 119 -98
139 152 -7
140 31 71
140 53 76
140 137 55
140 184 -77
141 21 13
141 23 87
142 84 -57
142 121 -24
142 129 -19
143 96 71
143 118 98
144 109 95
144 131 -34
144 155 5
144 191 -87
145 7 -36
145 50 -70
146 168 -39
147 14 24
147 175 -94
148 75 -14
149 50 -7
150 9 69
150 144 -54
151 63 12
151 85 -32
152 10 40
152 78 57
152 99 -28
153 26 15
153 40 11
153 116 -12
153 168 -97
154 86 -76
154 173 24
155 30 -95
155 106 -32
155 182 53
156 16 -61
156 182 58
156 191 -64
157 53 -84
157 149 -36
157 174 -26
157 184 53
158 120 28
158 142 23
160 87 97
160 197 15
161 78 -70
162 29 51
162 155 -35
164 112 88
164 132 -51
164 153 26
165 25 -28
166 27 45
166 53 -59
166 75 93
167 107 38
167 176 9
169 88 -96
170 8 82
170 50 -41
171 43 -19
171 121 79
171 149 55
171 152 -80
172 166 -100
173 108 -39
174 52 45
174 55 -7
174 71 -46
174 83 -46
174 107 -33
174 173 90
175 47 18
175 148 -54
175 193 -74
176 79 -82
177 97 -46
178 10 11
178 31 -19
179 12 40
179 32 40
179 75 -28
179 115 -26
181 156 -81
181 178 33
181 193 -43
183 11 82
183 152 44
184 163 97
184 164 30
184 172 -7
184 184 42
185 8 2
185 73 -39
185 73 27
185 87 3
185 126 57
186 26 -63
186 146 -98
186 194 48
187 150 -39
188 48 86
188 99 98
188 170 -30
188 199 2
189 62 -71
189 93 -2
189 112 2
189 198 -79
190 20 -2
190 52 63
190 61 -75
190 63 -88
190 91 69
190 186 49
191 47 45
191 71 -21
191 81 2
191 119 40
192 3 -100
192 5 -76
192 25 42
192 65 25
192 194 -4
193 22 -69
193 45 -18
193 75 18
193 85 -7
193 177 62
193 186 49
194 176 77
196 16 95
196 69 7
196 108 -9
196 180 -36
197 65 70
197 84 9
197 129 -78
197 165 -32
197 195 -97
198 8 -3
198 13 -40
198 94 -22
198 168 -50
198 174 46
199 57 -1
199 88 -65
